1.10E+00 1.10E+00 1.10E+00 1.10E+00 1.10E+00 1.10E+00 1.10E+00 1.10E+00
1.10E+00 1.10E+00 1.10E+00 1.10E+00 1.10E+00 1.10E+00 1.10E+00 1.10E+00
1.10E+00 1.10E+00 1.10E+00 1.10E+00 1.10E+00 1.10E+00 1.10E+00 1.10E+00
6.06E-01 6.06E-01 6.06E-01 6.06E-01 6.06E-01 6.06E-01 6.06E-01 6.06E-01
5.94E-01 5.94E-01 5.94E-01 5.94E-01 5.94E-01 5.94E-01 5.94E-01 5.94E-01
5.94E-01 5.94E-01 5.94E-01 5.94E-01 5.94E-01 5.94E-01 5.94E-01 5.94E-01
5.94E-01 5.94E-01 5.94E-01 5.94E-01 5.94E-01 5.94E-01 5.94E-01 5.94E-01
5.94E-01 5.94E-01 5.94E-01 5.94E-01 5.94E-01 5.94E-01 5.94E-01 5.94E-01
1.10E+00 1.10E+00 1.10E+00 1.10E+00 1.10E+00 1.10E+00 1.10E+00 1.10E+00
1.10E+00 1.10E+00 1.10E+00 1.10E+00 1.10E+00 1.10E+00 1.10E+00 1.10E+00
1.10E+00 1.10E+00 1.10E+00 1.10E+00 1.10E+00 1.10E+00 1.10E+00 1.10E+00
1.10E+00 1.10E+00 1.10E+00 1.10E+00 1.10E+00 1.10E+00 1.10E+00 1.10E+00
1.10E+00 1.10E+00 1.10E+00 1.10E+00 1.10E+00 1.10E+00 1.10E+00 1.10E+00
6.06E-01 6.06E-01 6.06E-01 6.06E-01 6.06E-01 6.06E-01 6.06E-01 6.06E-01
5.94E-01 5.94E-01 5.94E-01 5.94E-01 5.94E-01 5.94E-01 5.94E-01 5.94E-01
5.94E-01 5.94E-01 5.94E-01 5.94E-01 5.94E-01 5.94E-01 5.94E-01 5.94E-01