1.10E+00 1.10E+00 1.10E+00 1.10E+00 1.10E+00 1.10E+00 1.10E+00 1.10E+00
1.10E+00 1.10E+00 1.10E+00 1.10E+00 1.10E+00 1.10E+00 1.10E+00 1.10E+00
1.10E+00 1.10E+00 1.10E+00 1.10E+00 1.10E+00 1.10E+00 1.10E+00 1.10E+00
4.20E-01 6.31E-01 5.21E-01 6.80E-01 7.79E-01 5.63E-01 7.37E-01 8.54E-01
2.83E-02 1.01E+00 6.79E-02 1.09E+00 1.09E+00 9.17E-02 1.09E+00 1.10E+00
1.66E-03 1.10E+00 3.91E-03 1.10E+00 1.10E+00 5.22E-03 1.10E+00 1.10E+00
4.86E-04 1.10E+00 7.16E-04 1.10E+00 1.10E+00 1.11E-03 1.10E+00 1.10E+00
4.44E-04 1.10E+00 5.89E-04 1.10E+00 1.10E+00 9.87E-04 1.10E+00 1.10E+00
1.08E+00 1.10E+00 1.08E+00 1.10E+00 1.10E+00 1.08E+00 1.10E+00 1.10E+00
1.10E+00 1.10E+00 1.10E+00 1.10E+00 1.10E+00 1.10E+00 1.10E+00 1.10E+00
1.10E+00 1.10E+00 1.10E+00 1.10E+00 1.10E+00 1.10E+00 1.10E+00 1.10E+00
1.10E+00 1.10E+00 1.10E+00 1.10E+00 1.10E+00 1.10E+00 1.10E+00 1.10E+00
1.10E+00 1.10E+00 1.10E+00 1.10E+00 1.10E+00 1.10E+00 1.10E+00 1.10E+00
6.72E-01 5.86E-01 5.34E-01 7.61E-01 5.64E-01 5.40E-01 6.88E-01 5.61E-01
1.07E+00 2.70E-01 7.95E-02 1.10E+00 1.31E-01 6.81E-02 1.08E+00 1.41E-01
1.10E+00 1.69E-02 4.51E-03 1.10E+00 8.74E-03 4.05E-03 1.10E+00 8.36E-03