5.94E-01 5.94E-01 5.94E-01 5.94E-01 5.94E-01 5.94E-01 5.94E-01 5.94E-01
5.94E-01 5.94E-01 5.94E-01 5.94E-01 5.94E-01 5.94E-01 5.94E-01 5.94E-01
5.94E-01 5.94E-01 5.94E-01 5.94E-01 5.94E-01 5.94E-01 5.94E-01 5.94E-01
5.94E-01 5.94E-01 5.94E-01 5.94E-01 5.94E-01 5.94E-01 5.94E-01 5.94E-01
5.94E-01 5.94E-01 5.94E-01 5.94E-01 5.94E-01 5.94E-01 5.94E-01 5.94E-01
7.07E-01 7.07E-01 7.07E-01 7.07E-01 7.07E-01 7.07E-01 7.07E-01 7.07E-01
5.94E-01 5.94E-01 5.94E-01 5.94E-01 5.94E-01 5.94E-01 5.94E-01 5.94E-01
5.98E-01 5.98E-01 5.98E-01 5.98E-01 5.98E-01 5.98E-01 5.98E-01 5.98E-01
5.94E-01 5.94E-01 5.94E-01 5.94E-01 5.94E-01 5.94E-01 5.94E-01 5.94E-01
5.97E-01 5.97E-01 5.97E-01 5.97E-01 5.97E-01 5.97E-01 5.97E-01 5.97E-01
5.94E-01 5.94E-01 5.94E-01 5.94E-01 5.94E-01 5.94E-01 5.94E-01 5.94E-01
5.94E-01 5.94E-01 5.94E-01 5.94E-01 5.94E-01 5.94E-01 5.94E-01 5.94E-01
5.94E-01 5.94E-01 5.94E-01 5.94E-01 5.94E-01 5.94E-01 5.94E-01 5.94E-01
5.97E-01 5.97E-01 5.97E-01 5.97E-01 5.97E-01 5.97E-01 5.97E-01 5.97E-01
6.72E-01 6.72E-01 6.72E-01 6.72E-01 6.72E-01 6.72E-01 6.72E-01 6.72E-01
1.08E+00 1.08E+00 1.08E+00 1.08E+00 1.08E+00 1.08E+00 1.08E+00 1.08E+00