1.66E-03 1.10E+00 3.91E-03 1.10E+00 1.10E+00 5.22E-03 1.10E+00 1.10E+00
6.72E-01 5.86E-01 5.34E-01 7.61E-01 5.64E-01 5.40E-01 6.88E-01 5.61E-01
1.96E-03 2.61E-03 1.96E-03 1.07E+00 1.10E+00 1.60E-03 9.02E-03 1.10E+00
5.05E-04 4.68E-04 6.44E-04 1.10E+00 1.10E+00 9.74E-04 1.01E-03 1.10E+00
4.28E-01 5.76E-01 4.39E-01 5.50E-01 7.80E-01 2.74E-01 6.96E-01 8.49E-01
2.77E-03 4.24E-03 3.83E-03 1.10E+00 9.61E-02 1.10E+00 1.10E+00 1.10E+00
1.25E-03 2.32E-03 8.12E-03 3.98E-03 1.10E+00 1.59E-03 1.10E+00 1.10E+00
2.11E-02 3.51E-02 1.08E+00 1.09E+00 1.11E-01 7.73E-02 1.10E+00 1.09E+00
1.78E-01 4.75E-02 2.61E-02 6.80E-02 1.09E+00 1.96E-02 9.12E-02 3.01E-01
2.86E-02 2.55E-02 4.37E-02 7.38E-02 1.01E+00 2.16E-02 1.10E+00 1.09E+00
3.19E-01 6.20E-01 6.03E-01 8.90E-01 6.51E-01 3.48E-01 6.40E-01 6.70E-01
1.33E-03 1.43E-03 6.61E-03 1.10E+00 1.10E+00 1.88E-03 1.10E+00 1.10E+00
1.62E-01 2.18E-01 4.58E-02 1.01E+00 8.91E-01 3.51E-02 1.09E+00 1.08E+00
3.37E-03 2.93E-03 3.19E-03 1.10E+00 1.10E+00 2.62E-03 1.10E+00 1.10E+00
7.76E-02 1.05E+00 1.43E-01 1.10E+00 7.01E-02 1.07E+00 1.09E+00 3.80E-02
1.46E-03 2.87E-03 2.58E-03 1.10E+00 1.15E-02 1.73E-03 7.57E-03 1.10E+00