1.10E+00 1.10E+00 1.71E-03 2.75E-03 1.10E+00 1.10E+00 1.62E-03 1.10E+00
1.10E+00 2.83E-01 1.88E-02 1.07E+00 8.72E-01 1.10E+00 4.79E-02 1.10E+00
6.27E-04 1.10E+00 6.15E-04 1.10E+00 1.10E+00 1.10E+00 7.87E-04 1.10E+00
1.51E-03 1.10E+00 1.89E-03 5.56E-02 1.10E+00 4.50E-03 1.30E-03 1.10E+00
1.10E+00 9.87E-01 2.33E-02 1.10E+00 4.44E-02 1.10E+00 2.08E-02 1.10E+00
2.01E-01 8.33E-01 3.75E-01 3.72E-01 7.47E-01 5.47E-01 3.50E-01 7.88E-01
1.44E-03 1.10E+00 7.07E-04 9.85E-04 7.62E-04 1.10E+00 8.27E-04 1.10E+00
6.50E-04 1.10E+00 6.29E-04 8.17E-04 6.14E-04 1.10E+00 7.87E-04 1.10E+00
3.45E-02 1.09E+00 1.69E-02 1.27E-01 5.24E-02 1.08E+00 1.50E-02 1.10E+00
1.10E+00 1.09E+00 2.39E-02 1.10E+00 1.00E+00 1.09E+00 3.43E-02 1.10E+00
2.66E-01 6.54E-01 4.13E-01 3.63E-01 5.60E-01 6.05E-01 2.93E-01 8.70E-01
1.82E-03 1.10E+00 2.77E-03 2.16E-03 2.37E-03 1.10E+00 1.89E-03 1.10E+00
1.19E-02 1.10E+00 1.49E-03 1.10E+00 1.10E+00 4.07E-03 1.36E-03 1.10E+00
2.19E-03 1.10E+00 6.46E-04 2.50E-03 7.21E-04 1.10E+00 8.11E-04 1.10E+00
7.70E-01 7.46E-01 3.20E-01 4.47E-01 4.12E-01 8.05E-01 3.95E-01 8.74E-01
1.87E-03 1.10E+00 2.97E-03 3.05E-03 1.10E+00 1.10E+00 6.08E-03 1.10E+00