1.10E+00 4.78E-03 1.10E+00 1.63E-03 2.83E-03 1.10E+00 1.10E+00 1.10E+00
2.76E-01 7.33E-01 5.76E-02 1.06E+00 3.45E-02 1.10E+00 1.10E+00 7.96E-02
1.10E+00 1.10E+00 1.10E+00 2.77E-03 1.48E-03 1.10E+00 1.10E+00 1.10E+00
8.22E-01 7.10E-01 8.87E-01 2.69E-01 5.17E-01 6.55E-01 6.02E-01 6.92E-01
1.10E+00 1.10E+00 1.10E+00 1.10E+00 2.42E-03 1.10E+00 1.10E+00 3.05E-03
7.66E-01 9.47E-01 7.39E-01 2.42E-01 6.22E-01 7.44E-01 6.59E-01 5.83E-01
1.10E+00 1.10E+00 1.10E+00 1.50E-03 1.10E+00 1.10E+00 1.10E+00 1.58E-02
6.90E-01 8.46E-01 8.82E-01 4.57E-01 3.06E-01 8.48E-01 5.56E-01 5.73E-01
1.10E+00 1.10E+00 1.10E+00 5.53E-03 1.33E-03 1.10E+00 1.10E+00 1.15E-02
8.65E-01 8.50E-01 6.37E-01 5.66E-01 9.25E-01 6.72E-01 6.67E-01 6.37E-01
1.10E+00 1.10E+00 1.10E+00 2.02E-03 1.10E+00 1.10E+00 1.10E+00 3.97E-03
6.55E-01 6.54E-01 8.12E-01 2.83E-01 2.55E-01 8.03E-01 5.69E-01 6.46E-01
1.10E+00 1.10E+00 1.10E+00 1.73E-03 1.82E-03 1.10E+00 1.10E+00 1.10E+00
7.02E-01 7.66E-01 6.78E-01 5.34E-01 6.07E-01 9.00E-01 6.05E-01 6.17E-01
1.10E+00 1.10E+00 1.02E-02 3.44E-03 3.18E-03 2.83E-02 1.10E+00 1.10E+00
1.10E+00 1.10E+00 8.60E-04 6.29E-04 8.04E-04 2.30E-03 1.10E+00 1.10E+00