1.10E+00 1.10E+00 9.22E-03 2.46E-03 2.12E-03 2.74E-03 1.10E+00 1.10E+00
4.27E-01 8.59E-01 6.58E-01 5.76E-01 4.86E-01 5.01E-01 6.37E-01 5.03E-01
1.10E+00 3.96E-03 2.01E-03 3.24E-03 6.67E-03 2.50E-03 1.10E+00 1.10E+00
5.98E-01 5.66E-01 4.80E-01 5.52E-01 8.04E-01 4.40E-01 4.62E-01 6.08E-01
1.10E+00 1.10E+00 9.61E-03 3.32E-03 9.46E-01 2.45E-03 1.10E+00 2.96E-03
5.87E-01 8.01E-01 4.50E-01 5.68E-01 6.03E-01 4.18E-01 6.47E-01 7.61E-01
1.10E+00 1.10E+00 1.10E+00 5.98E-03 1.10E+00 2.83E-03 1.10E+00 2.66E-03
4.47E-01 6.91E-01 3.02E-01 5.04E-01 4.72E-01 4.18E-01 7.88E-01 4.99E-01
1.10E+00 4.97E-03 3.02E-03 3.88E-03 5.83E-03 2.61E-03 1.10E+00 3.36E-03
4.56E-01 8.87E-01 5.86E-01 5.37E-01 6.77E-01 4.06E-01 6.26E-01 7.58E-01
5.06E-03 1.10E+00 5.92E-03 7.18E-03 8.91E-03 1.98E-03 1.10E+00 1.10E+00
8.10E-01 6.30E-01 4.05E-01 4.44E-01 7.34E-01 4.97E-01 6.09E-01 3.84E-01
1.10E+00 1.10E+00 2.14E-03 2.21E-02 3.96E-03 2.53E-03 1.10E+00 1.94E-03
5.10E-01 9.21E-01 5.03E-01 4.45E-01 4.59E-01 4.99E-01 8.42E-01 4.96E-01
6.35E-03 1.10E+00 1.10E+00 2.85E-03 4.26E-03 2.89E-03 1.10E+00 1.10E+00
2.06E-02 1.10E+00 1.10E+00 1.02E-04 3.93E-04 3.75E-04 1.10E+00 1.10E+00