4.57E-03 1.10E+00 1.94E-03 4.30E-03 5.76E-03 3.39E-03 1.10E+00 1.10E+00
6.11E-01 9.35E-01 4.15E-01 7.19E-01 6.38E-01 7.53E-01 8.60E-01 9.12E-01
1.10E+00 1.10E+00 1.56E-03 5.35E-03 1.10E+00 3.82E-03 1.10E+00 1.10E+00
7.96E-01 6.73E-01 4.16E-01 4.77E-01 6.49E-01 4.76E-01 7.84E-01 6.56E-01
1.10E+00 1.10E+00 1.70E-03 1.70E-02 1.47E-02 1.10E-02 1.10E+00 1.10E+00
4.73E-01 5.86E-01 4.84E-01 6.18E-01 6.90E-01 6.12E-01 6.89E-01 7.54E-01
1.10E+00 1.10E+00 2.64E-03 1.10E+00 4.12E-03 3.50E-03 5.87E-03 1.10E+00
6.77E-01 6.66E-01 3.43E-01 6.21E-01 8.43E-01 5.19E-01 8.52E-01 7.58E-01
1.10E+00 1.10E+00 2.21E-03 1.10E+00 1.10E+00 2.45E-02 1.10E+00 1.10E+00
6.85E-01 6.72E-01 3.26E-01 5.10E-01 5.42E-01 6.04E-01 8.11E-01 8.63E-01
1.37E-02 3.83E-02 2.66E-03 1.10E+00 9.72E-03 1.10E+00 1.01E-02 1.10E+00
7.65E-01 7.46E-01 3.69E-01 6.05E-01 7.74E-01 4.15E-01 7.21E-01 7.81E-01
1.10E+00 1.10E+00 2.07E-03 1.47E-02 1.10E+00 2.25E-03 1.10E+00 1.10E+00
5.90E-01 7.68E-01 3.22E-01 6.86E-01 6.50E-01 5.17E-01 7.77E-01 8.80E-01
5.70E-03 1.10E+00 2.01E-03 1.10E+00 4.68E-03 1.10E+00 1.10E+00 1.10E+00
5.09E-04 1.10E+00 5.77E-04 1.10E+00 3.96E-04 1.10E+00 1.10E+00 1.10E+00