1.10E+00 2.04E-03 1.10E+00 2.09E-03 1.57E-03 1.10E+00 1.10E+00 2.88E-03
4.97E-01 4.97E-01 6.19E-01 4.99E-01 2.95E-01 4.00E-01 8.08E-01 6.05E-01
1.10E+00 1.65E-03 3.72E-03 2.65E-03 1.89E-03 1.10E+00 1.10E+00 3.18E-03
7.17E-01 4.53E-01 6.01E-01 5.28E-01 6.84E-01 7.25E-01 7.48E-01 5.39E-01
1.10E+00 1.99E-03 3.75E-03 2.39E-03 1.48E-03 4.99E-03 1.10E+00 1.10E+00
6.09E-01 4.74E-01 5.72E-01 4.67E-01 7.47E-01 6.15E-01 6.72E-01 5.88E-01
1.10E+00 9.72E-03 1.10E+00 1.60E-03 6.12E-03 1.10E+00 1.10E+00 1.10E+00
6.32E-01 3.26E-01 3.73E-01 5.96E-01 4.25E-01 5.88E-01 6.48E-01 6.57E-01
1.10E+00 2.13E-03 1.10E+00 1.83E-03 1.37E-03 1.10E+00 1.10E+00 1.10E+00
7.26E-01 4.12E-01 3.39E-01 5.84E-01 8.42E-01 4.24E-01 7.51E-01 5.26E-01
1.10E+00 1.62E-03 3.91E-03 1.45E-03 1.10E+00 5.21E-03 1.10E+00 1.10E+00
6.78E-01 5.07E-01 5.67E-01 5.46E-01 3.73E-01 7.66E-01 8.12E-01 6.17E-01
1.10E+00 2.73E-03 6.96E-03 5.28E-03 1.89E-03 1.05E+00 1.10E+00 1.10E+00
5.65E-01 4.20E-01 4.01E-01 5.22E-01 3.79E-01 4.54E-01 8.22E-01 6.29E-01
1.10E+00 2.16E-03 3.27E-03 1.43E-03 1.69E-03 2.32E-03 1.10E+00 2.70E-03
1.10E+00 4.79E-04 9.52E-04 4.98E-04 6.84E-04 8.70E-04 1.10E+00 5.33E-04