1.10E+00 2.93E-03 4.32E-03 1.18E-03 1.10E+00 1.10E+00 2.05E-03 2.63E-02
8.27E-01 4.49E-01 7.39E-01 2.88E-01 9.16E-01 6.10E-01 4.32E-01 6.03E-01
1.10E+00 6.96E-03 1.10E+00 1.19E-03 1.10E+00 1.10E+00 1.85E-03 1.10E+00
7.31E-01 7.03E-01 6.57E-01 2.40E-01 8.06E-01 9.01E-01 2.68E-01 5.45E-01
1.10E+00 2.23E-03 4.93E-03 1.74E-03 1.10E+00 1.10E+00 3.18E-03 1.10E+00
8.73E-01 4.55E-01 7.97E-01 2.42E-01 9.23E-01 9.32E-01 2.74E-01 6.63E-01
1.10E+00 2.22E-03 2.06E-03 1.45E-03 1.10E+00 1.10E+00 2.66E-03 1.10E+00
5.77E-01 5.80E-01 6.85E-01 2.47E-01 9.59E-01 9.82E-01 3.00E-01 6.50E-01
1.10E+00 2.11E-03 1.13E-02 1.11E-03 1.10E+00 1.10E+00 2.37E-03 1.10E+00
8.61E-01 3.32E-01 7.39E-01 4.52E-01 9.72E-01 8.95E-01 4.03E-01 4.93E-01
1.10E+00 1.29E-03 2.38E-03 1.30E-03 1.10E+00 1.10E+00 2.49E-03 6.33E-03
4.98E-01 6.29E-01 5.68E-01 2.32E-01 6.73E-01 8.72E-01 2.66E-01 7.85E-01
1.10E+00 1.10E+00 5.21E-03 1.29E-03 1.10E+00 1.10E+00 2.79E-03 3.01E-02
5.81E-01 3.61E-01 4.36E-01 2.97E-01 9.46E-01 7.83E-01 4.26E-01 6.44E-01
1.10E+00 9.63E-04 8.67E-02 1.66E-03 1.10E+00 1.10E+00 1.63E-03 1.10E+00
1.10E+00 3.56E-04 5.50E-03 6.88E-04 1.10E+00 1.10E+00 8.57E-04 1.10E+00